ZERO!!!!!
Time: 8 minutes and 48 seconds
Attempts: 887
Average Differance: 818
Largest Difference: 3192
Total # of Heads: 443978339
Total # of Tails: 444021661

ZERO!!!!!
Time: 1 minutes and 2 seconds
Attempts: 106
Attempts per second: 0.5849056603773585
Average Differance: 800
Largest Difference: 2238
Total # of Heads: 53499201
Total # of Tails: 53500799

ZERO!!!!!
Time: 31 minutes and 37 seconds
Attempts: 2857
Attempts per second: 0.664333216660833
Average Differance: 799
Largest Difference: 4016
Total # of Heads: 1443983139
Total # of Tails: 1444016861
420's: 3
Differences: None

ZERO!!!!!
Time: 13 minutes and 30 seconds
Attempts: 1391
Attempts per second: 0.582314881380302
Average Differance: 803
Largest Difference: 3278
Total # of Heads: 695994157
Total # of Tails: 696005843
420's: 2
Digits: {'1': 7, '2': 96, '3': 833, '4': 456, '<5': 0}
Differences: [0, 2, 2, 4, 4, 8, 8, 10, 12, 12, 12, 14, 14, 14, 16, 16, 18, 18, 18, 18, 20, 22, 24, 24, 24, 24, 24, 26,
26, 26, 28, 28, 28, 30, 30, 34, 34, 36, 38, 40, 42, 42, 44, 44, 46, 48, 48, 50, 52, 54, 54, 54, 54, 56, 56, 56, 58, 58,
60, 62, 62, 62, 64, 66, 68, 68, 70, 70, 70, 72, 72, 72, 72, 74, 74, 74, 74, 76, 76, 76, 78, 78, 80, 80, 82, 84, 84, 84,
86, 86, 88, 88, 88, 88, 90, 92, 94, 94, 94, 96, 98, 98, 98, 100, 100, 100, 102, 102, 104, 106, 108, 110, 110, 112, 112,
112, 112, 114, 114, 114, 116, 116, 116, 116, 118, 118, 118, 120, 120, 122, 122, 122, 122, 124, 124, 124, 126, 126, 130,
130, 130, 134, 136, 136, 140, 140, 142, 142, 142, 144, 144, 146, 146, 150, 150, 150, 152, 152, 154, 154, 154, 156, 158,
158, 158, 158, 160, 160, 162, 162, 164, 164, 166, 166, 168, 168, 170, 170, 170, 172, 172, 172, 172, 174, 174, 176, 176,
176, 178, 178, 178, 178, 178, 180, 182, 182, 182, 182, 184, 184, 184, 184, 184, 186, 186, 186, 186, 188, 188, 188, 192,
192, 194, 196, 196, 196, 198, 198, 198, 198, 198, 200, 202, 204, 204, 204, 208, 210, 214, 214, 214, 214, 214, 214, 214,
216, 216, 216, 218, 218, 218, 220, 222, 222, 224, 224, 224, 224, 226, 226, 230, 232, 232, 234, 234, 234, 236, 236, 238,
238, 240, 240, 242, 242, 246, 246, 248, 248, 250, 254, 256, 256, 256, 256, 258, 262, 262, 264, 266, 266, 266, 268, 268,
268, 268, 270, 270, 272, 274, 274, 274, 274, 276, 276, 276, 276, 276, 278, 278, 278, 280, 280, 280, 280, 280, 280, 280,
282, 282, 286, 286, 286, 288, 288, 290, 292, 292, 294, 294, 294, 294, 294, 296, 296, 298, 298, 298, 300, 302, 302, 304,
306, 306, 306, 306, 308, 308, 310, 310, 316, 316, 318, 318, 320, 320, 322, 326, 326, 328, 330, 332, 332, 332, 334, 336,
336, 336, 338, 340, 340, 342, 342, 344, 344, 348, 350, 350, 350, 352, 352, 354, 356, 356, 356, 358, 358, 358, 360, 362,
362, 364, 364, 366, 368, 368, 368, 368, 368, 370, 370, 370, 372, 372, 372, 374, 378, 378, 378, 380, 380, 382, 384, 384,
388, 392, 392, 394, 394, 396, 396, 396, 398, 400, 402, 402, 404, 404, 404, 406, 408, 408, 408, 408, 410, 412, 412, 412,
412, 416, 416, 416, 418, 418, 418, 418, 418, 418, 420, 420, 422, 422, 422, 422, 424, 426, 426, 426, 428, 428, 428, 428,
430, 430, 430, 432, 432, 434, 434, 436, 438, 440, 440, 440, 442, 442, 442, 442, 442, 446, 448, 448, 450, 450, 452, 452,
452, 454, 454, 456, 456, 456, 456, 456, 460, 460, 462, 462, 464, 464, 464, 464, 464, 464, 466, 466, 466, 466, 468, 470,
470, 470, 472, 472, 474, 474, 476, 476, 482, 482, 482, 484, 484, 484, 486, 486, 486, 486, 488, 490, 490, 490, 492, 494,
494, 496, 496, 498, 498, 500, 500, 502, 502, 502, 504, 504, 504, 504, 506, 510, 510, 514, 516, 516, 518, 518, 518, 522,
522, 522, 522, 524, 524, 526, 528, 528, 530, 530, 530, 534, 536, 536, 538, 538, 538, 538, 540, 542, 542, 544, 546, 546,
548, 548, 548, 550, 550, 550, 552, 552, 554, 554, 554, 558, 558, 558, 560, 560, 562, 562, 562, 562, 564, 564, 566, 570,
570, 570, 572, 574, 576, 576, 578, 580, 580, 582, 582, 584, 584, 586, 586, 588, 588, 590, 592, 592, 592, 594, 594, 598,
600, 600, 600, 602, 602, 604, 604, 604, 606, 606, 608, 608, 610, 610, 612, 612, 614, 614, 616, 618, 618, 622, 624, 624,
624, 624, 624, 624, 624, 626, 628, 628, 628, 630, 630, 630, 632, 632, 634, 634, 636, 636, 636, 636, 636, 638, 640, 640,
640, 642, 644, 644, 644, 644, 648, 648, 650, 652, 652, 652, 652, 654, 654, 654, 654, 656, 656, 658, 660, 660, 662, 664,
664, 664, 666, 670, 670, 674, 676, 676, 678, 678, 680, 682, 684, 686, 686, 690, 690, 694, 694, 694, 696, 696, 696, 698,
698, 698, 700, 708, 710, 710, 714, 714, 716, 716, 718, 720, 720, 720, 722, 722, 722, 724, 726, 726, 728, 728, 730, 730,
732, 732, 734, 734, 736, 736, 740, 742, 744, 744, 744, 746, 746, 748, 748, 752, 752, 756, 756, 756, 756, 756, 756, 758,
758, 760, 760, 762, 764, 764, 764, 764, 768, 768, 770, 772, 772, 774, 774, 774, 776, 776, 778, 780, 780, 782, 782, 782,
82, 782, 784, 788, 790, 790, 796, 804, 806, 810, 810, 810, 814, 820, 824, 824, 824, 826, 826, 828, 830, 830, 834, 834,
834, 836, 836, 838, 840, 840, 840, 840, 844, 844, 846, 846, 846, 848, 848, 850, 850, 854, 858, 858, 858, 860, 860, 862,
864, 866, 866, 866, 868, 870, 870, 870, 872, 874, 874, 874, 876, 878, 878, 880, 880, 880, 880, 882, 882, 882, 882, 882,
884, 884, 886, 886, 888, 888, 890, 896, 898, 900, 902, 902, 904, 904, 906, 906, 910, 910, 912, 912, 912, 914, 914, 914,
916, 916, 920, 922, 924, 924, 926, 930, 930, 932, 934, 934, 936, 936, 938, 938, 940, 944, 944, 946, 946, 948, 950, 952,
952, 954, 954, 956, 956, 964, 964, 966, 972, 976, 978, 978, 978, 982, 982, 984, 986, 986, 986, 988, 988, 990, 990, 992,
994, 996, 996, 996, 998, 1000, 1000, 1002, 1002, 1002, 1004, 1006, 1006, 1006, 1008, 1008, 1008, 1010, 1012, 1012, 1012,
1020, 1024, 1024, 1026, 1026, 1030, 1032, 1034, 1034, 1034, 1034, 1034, 1036, 1036, 1038, 1042, 1042, 1046, 1046, 1048,
1048, 1050, 1050, 1050, 1050, 1052, 1052, 1054, 1056, 1056, 1058, 1058, 1062, 1064, 1066, 1066, 1066, 1068, 1070, 1070,
1070, 1070, 1070, 1072, 1074, 1074, 1080, 1084, 1084, 1086, 1086, 1086, 1086, 1086, 1088, 1090, 1090, 1094, 1096, 1100,
1100, 1104, 1104, 1106, 1106, 1106, 1108, 1110, 1110, 1110, 1112, 1114, 1114, 1114, 1116, 1116, 1118, 1118, 1120, 1122,
1122, 1122, 1124, 1124, 1126, 1128, 1128, 1128, 1128, 1130, 1134, 1134, 1136, 1138, 1138, 1148, 1150, 1152, 1152, 1154,
1158, 1158, 1160, 1162, 1164, 1164, 1168, 1170, 1176, 1178, 1180, 1180, 1184, 1184, 1190, 1190, 1192, 1198, 1198, 1204,
1204, 1204, 1214, 1214, 1216, 1218, 1218, 1218, 1220, 1222, 1222, 1224, 1226, 1226, 1228, 1234, 1234, 1234, 1234, 1238,
1238, 1240, 1242, 1246, 1248, 1248, 1248, 1250, 1252, 1252, 1258, 1258, 1264, 1264, 1264, 1270, 1272, 1272, 1274, 1276,
1276, 1276, 1280, 1280, 1280, 1282, 1282, 1282, 1284, 1286, 1286, 1286, 1288, 1290, 1292, 1294, 1294, 1296, 1296, 1298,
1298, 1304, 1304, 1308, 1310, 1318, 1318, 1322, 1324, 1328, 1330, 1332, 1334, 1334, 1338, 1338, 1342, 1344, 1344, 1344,
1344, 1346, 1346, 1348, 1348, 1350, 1354, 1358, 1358, 1360, 1360, 1366, 1370, 1370, 1374, 1376, 1378, 1378, 1382, 1382,
1382, 1384, 1386, 1386, 1388, 1392, 1396, 1400, 1400, 1408, 1416, 1416, 1420, 1422, 1424, 1424, 1424, 1424, 1426, 1426,
1432, 1434, 1436, 1440, 1444, 1444, 1452, 1452, 1454, 1456, 1460, 1468, 1472, 1478, 1484, 1486, 1488, 1490, 1490, 1492,
1498, 1504, 1508, 1520, 1520, 1522, 1524, 1526, 1528, 1530, 1532, 1534, 1534, 1538, 1538, 1546, 1552, 1562, 1566, 1570,
1574, 1576, 1576, 1582, 1584, 1586, 1588, 1590, 1598, 1606, 1606, 1610, 1610, 1612, 1614, 1614, 1620, 1622, 1624, 1626,
1628, 1636, 1640, 1644, 1646, 1656, 1660, 1662, 1674, 1680, 1682, 1682, 1684, 1688, 1700, 1702, 1706, 1708, 1720, 1724,
1726, 1728, 1728, 1732, 1734, 1736, 1738, 1740, 1744, 1746, 1746, 1748, 1754, 1756, 1758, 1758, 1778, 1780, 1780, 1784,
1786, 1792, 1800, 1804, 1812, 1814, 1814, 1816, 1826, 1834, 1846, 1846, 1848, 1850, 1852, 1852, 1860, 1862, 1864, 1864,
1868, 1868, 1874, 1878, 1884, 1896, 1898, 1904, 1936, 1936, 1940, 1940, 1946, 1948, 1948, 1956, 1960, 1962, 1962, 1964,
1968, 1970, 1980, 1982, 2014, 2026, 2078, 2102, 2110, 2112, 2134, 2134, 2138, 2146, 2154, 2162, 2176, 2228, 2240, 2248,
2256, 2266, 2288, 2298, 2312, 2316, 2320, 2350, 2358, 2358, 2370, 2406, 2430, 2430, 2438, 2446, 2482, 2496, 2512, 2520,
2526, 2528, 2560, 2562, 2588, 2606, 2712, 2712, 2728, 2780, 2804, 2832, 2850, 3018, 3020, 3052, 3112, 3178, 3252, 3278]

ZERO!!!!!
Time: 0 minutes and 38 seconds
Attempts: 63
Attempts per second: 0.6031746031746031
Average Differance: 720
Largest Difference: 2088
Total # of Heads: 32001009
Total # of Tails: 31998991
420's: 0
Digits: {'1': 2, '2': 2, '3': 43, '4': 17, '<5': 0}
Differences: [0, 8, 56, 98, 116, 122, 132, 158, 166, 196, 226, 234, 256, 284, 340, 344, 364, 370, 454, 460, 474, 484,
516, 520, 538, 554, 560, 570, 576, 598, 628, 638, 656, 668, 692, 732, 748, 758, 766, 782, 782, 808, 810, 816, 924, 984,
988, 1012, 1076, 1084, 1096, 1104, 1156, 1158, 1176, 1182, 1196, 1316, 1334, 1370, 1512, 1574, 1986, 2088]
